0.860000	3.610000	403
6.970000	9.610000	404
13.280000	28.620000	405
32.580000	55.160000	406
58.650000	73.450000	407
77.050000	79.050000	408
82.570000	120.700000	409
123.930000	135.840000	410
139.420000	151.820000	411
155.230000	167.440000	412
170.930000	180.970000	413
184.210000	195.900000	414
199.180000	211.070000	415
214.340000	227.030000	416
230.240000	242.000000	417
245.270000	257.900000	418
261.180000	273.530000	419
276.880000	288.370000	420
291.670000	293.570000	421
297.000000	330.820000	422
333.960000	344.530000	423
348.020000	359.250000	424
362.400000	372.510000	425
375.870000	386.650000	426
389.990000	401.780000	427
405.050000	417.650000	428
420.750000	439.900000	429
443.070000	457.310000	430
460.580000	474.590000	431
478.000000	489.180000	432
492.390000	503.880000	433
507.270000	509.150000	434
512.620000	522.870000	435
526.370000	541.740000	436
545.090000	566.780000	437
570.330000	586.610000	438
589.990000	604.540000	439
608.180000	627.810000	440
631.470000	650.370000	441
653.740000	686.230000	442
689.670000	709.290000	443
712.800000	727.740000	444
731.330000	755.970000	445
759.330000	771.040000	446
774.430000	776.900000	447
780.350000	792.460000	448
795.910000	818.730000	449
822.100000	864.400000	450
867.920000	893.600000	451
896.950000	914.390000	452
917.850000	936.620000	453
940.110000	964.730000	454
968.030000	991.690000	455
994.930000	1016.290000	456
1019.530000	1045.480000	457
1049.280000	1071.000000	458
1074.430000	1086.900000	459
1090.290000	1092.250000	460
1095.720000	1102.620000	461
1106.030000	1203.600000	462
1207.120000	1230.750000	463
1234.290000	1264.160000	464
1267.710000	1292.030000	465
1295.350000	1402.670000	466
1406.050000	1424.530000	467
1428.030000	1488.990000	468
1492.570000	1550.000000	469
1553.460000	1606.890000	470
1610.270000	1662.560000	471
1666.020000	1726.030000	472
1729.270000	1800.220000	473
1803.800000	1869.060000	474
1872.480000	1940.660000	475
1944.040000	2019.110000	476
2022.610000	2114.350000	477
2117.640000	2224.620000	478
2227.920000	2251.110000	479
2254.440000	2266.570000	480
2269.880000	2271.540000	481
2274.920000	2281.210000	482
2284.370000	2317.090000	483
2320.520000	2330.200000	484
2333.620000	2343.700000	485
2346.950000	2377.930000	486
2381.170000	2417.690000	487
2421.000000	2461.550000	488
2464.850000	2487.170000	489
2490.330000	2512.280000	490
2515.650000	2536.220000	491
2539.690000	2568.450000	492
2571.820000	2601.270000	493
2604.470000	2692.010000	494
2695.370000	2739.540000	495
2742.800000	2774.280000	496
2777.510000	2803.500000	497
2806.670000	2833.870000	498
2837.110000	2912.970000	499
2916.320000	2967.540000	500
2970.790000	2994.690000	501
2997.990000	3096.140000	502
3099.240000	3111.190000	503
3114.360000	3116.360000	504
3119.580000	3155.020000	505
3158.200000	3178.610000	506
3181.910000	3215.060000	507
3218.510000	3244.000000	508
3247.460000	3263.520000	509
3266.750000	3280.880000	510
3284.120000	3298.200000	511
3301.450000	3319.070000	512
3322.410000	3339.290000	513
3342.560000	3362.910000	514
3366.300000	3390.320000	515
3393.680000	3421.700000	516
3425.060000	3452.540000	517
3455.640000	3483.390000	518
3486.740000	3509.220000	519
3512.740000	3590.810000	520
3594.070000	3644.650000	521
3647.880000	3666.880000	522
3670.010000	3697.810000	523
3701.040000	3718.050000	524
3721.160000	3737.800000	525
3741.100000	3757.010000	526
3760.360000	3799.310000	527
3802.480000	3806.580000	528
3809.910000	3821.710000	529
3825.100000	3827.130000	530
3830.610000	3837.220000	531
3840.570000	3866.140000	532
3869.380000	3910.770000	533
3914.040000	3983.070000	534
3986.330000	4019.280000	535
4022.410000	4062.210000	536
4065.480000	4122.820000	537
4126.120000	4166.680000	538
4170.120000	4204.950000	539
4208.140000	4280.230000	540
4283.650000	4313.350000	541
4316.580000	4337.620000	542
4340.860000	4367.430000	543
4370.830000	4417.800000	544
4421.180000	4449.860000	545
4453.130000	4484.030000	546
4487.390000	4516.440000	547
4519.770000	4565.180000	548
4568.520000	4616.940000	549
4620.210000	4648.820000	550
4652.070000	4691.430000	551
4694.620000	4750.940000	552
4754.270000	4781.370000	553
4784.670000	4815.620000	554
4819.010000	4848.090000	555
4851.440000	4896.890000	556
4900.270000	4944.880000	557
4948.240000	4979.900000	558
4983.070000	5038.540000	559
5041.820000	5045.840000	560
5049.060000	5088.240000	561
5091.400000	5122.710000	562
5125.840000	5137.710000	563
5141.000000	5154.480000	564
5157.840000	5183.090000	565
5186.320000	5241.490000	566
5244.520000	5269.640000	567
5273.020000	5300.860000	568
5304.380000	5308.090000	569
5311.420000	5324.880000	570
5328.220000	5333.940000	571
5337.180000	5343.320000	572
5346.690000	5352.490000	573
5355.820000	5361.890000	574
5365.300000	5371.060000	575
5374.130000	5379.460000	576
5385.720000	5391.960000	577
5395.070000	5402.320000	578
5405.660000	5409.980000	579
5413.430000	5440.750000	580
5443.930000	5464.730000	581
5467.930000	5488.320000	582
5491.490000	5511.860000	583
5515.090000	5576.950000	584
5580.300000	5640.900000	585
5644.260000	5711.730000	586
5714.950000	5781.510000	587
5784.850000	5788.270000	588
5791.480000	5803.910000	589
5807.130000	5816.750000	590
5820.220000	5825.670000	591
5829.020000	5850.640000	592
5853.930000	5869.150000	593
5872.500000	5886.500000	594
5889.840000	5903.520000	595
5906.840000	5921.300000	596
5924.560000	5928.520000	597
5931.700000	5943.790000	598
5947.080000	5949.100000	599
5952.480000	5987.090000	600
5990.330000	6038.150000	601
6041.440000	6097.630000	602
6100.910000	6123.920000	603
6127.100000	6143.090000	604
6146.290000	6160.060000	605
6163.310000	6177.470000	606
6180.530000	6194.260000	607
6197.410000	6224.450000	608
6227.640000	6244.750000	609
6248.170000	6264.490000	610
6267.680000	6283.100000	611
6286.450000	6289.960000	612
6293.290000	6351.190000	613
6354.470000	6405.580000	614
6409.050000	6474.390000	615
6477.660000	6543.470000	616
6546.750000	6578.330000	617
6581.630000	6684.850000	618
6688.170000	6773.330000	619
6776.880000	6788.960000	620
6792.240000	6794.070000	621
6797.210000	6827.930000	622
6831.130000	6880.010000	623
6883.360000	6959.440000	624
6962.740000	6981.690000	625
6984.960000	7006.730000	626
7010.010000	7040.510000	627
7043.750000	7070.550000	628
7073.900000	7104.530000	629
7107.760000	7135.130000	630
7138.560000	7169.980000	631
7173.260000	7207.070000	632
7210.390000	7213.620000	633
7217.470000	7278.770000	634
7282.080000	7306.410000	635
7309.530000	7312.970000	636
7316.260000	7345.550000	637
7348.680000	7377.840000	638
7381.220000	7420.160000	639
7422.480000	7455.140000	640
7458.460000	7492.770000	641
7495.840000	7544.330000	642
7547.770000	7567.610000	643
7570.610000	7599.950000	644
7603.190000	7638.550000	645
7641.760000	7669.340000	646
7672.610000	7700.740000	647
7703.970000	7739.720000	648
7742.930000	7769.210000	649
7772.530000	7804.630000	650
7807.780000	7811.630000	651
7815.830000	7849.040000	652
7852.360000	7885.780000	653
7889.200000	7918.400000	654
7921.740000	7948.770000	655
7952.240000	7981.590000	656
7984.950000	8013.830000	657
8017.100000	8045.290000	658
8048.610000	8074.230000	659
8077.600000	8105.190000	660
8108.440000	8136.340000	661
8139.500000	8166.750000	662
8169.950000	8173.760000	663
8176.900000	8219.290000	664
8222.490000	8226.980000	665
8230.310000	8242.480000	666
8245.650000	8257.450000	667
8261.050000	8266.960000	668
8270.270000	8273.410000	669
8276.760000	8279.030000	670
8282.390000	8309.790000	671
8313.150000	8317.060000	672
