3.800000	6.780000	1
10.750000	13.150000	2
17.210000	20.100000	3
24.020000	26.220000	4
30.410000	52.360000	5
56.340000	98.810000	6
102.710000	105.900000	7
109.980000	112.240000	8
116.860000	142.360000	9
146.470000	198.760000	10
203.090000	206.790000	11
211.420000	213.750000	12
218.090000	231.510000	13
235.570000	247.820000	14
251.710000	305.860000	15
310.020000	313.720000	16
318.000000	320.290000	17
324.710000	338.080000	18
342.370000	355.430000	19
359.710000	415.610000	20
419.850000	423.970000	21
428.150000	430.600000	22
435.200000	461.340000	23
465.710000	480.010000	24
484.180000	564.860000	25
569.070000	597.300000	26
601.780000	605.690000	27
609.850000	612.070000	28
616.550000	643.720000	29
648.070000	651.910000	30
656.220000	658.530000	31
662.580000	695.440000	32
699.530000	713.220000	33
717.330000	751.520000	34
755.610000	816.680000	35
820.720000	855.680000	36
859.760000	864.060000	37
868.320000	870.660000	38
874.620000	943.520000	39
947.570000	961.750000	40
965.780000	1017.020000	41
1021.090000	1079.090000	42
1083.130000	1146.820000	43
1150.730000	1204.580000	44
1208.650000	1212.100000	45
1216.070000	1218.540000	46
1222.570000	1276.040000	47
1279.970000	1293.620000	48
1297.800000	1313.750000	49
1317.670000	1365.230000	50
1369.300000	1422.300000	51
1426.330000	1442.560000	52
1446.730000	1450.580000	53
1454.540000	1457.070000	54
1461.000000	1527.620000	55
1531.700000	1545.520000	56
1549.690000	1609.120000	57
1613.040000	1697.890000	58
1701.970000	1781.710000	59
1785.850000	1789.370000	60
1793.440000	1796.030000	61
1800.140000	1819.730000	62
1827.730000	1830.470000	63
1834.280000	1837.040000	64
1841.120000	1843.310000	65
1847.070000	1877.520000	66
1881.910000	1921.440000	67
1925.630000	1998.080000	68
2002.110000	2036.330000	69
2040.210000	2084.170000	70
2088.160000	2090.910000	71
2094.970000	2097.240000	72
2101.190000	2120.300000	73
2124.520000	2144.290000	74
2149.040000	2192.620000	75
2196.760000	2244.290000	76
2248.290000	2282.960000	77
2287.110000	2312.820000	78
2316.610000	2350.330000	79
2354.370000	2375.540000	80
2379.630000	2400.840000	81
2404.960000	2453.580000	82
2457.560000	2493.510000	83
2497.890000	2546.240000	84
2550.290000	2575.930000	85
2580.090000	2612.480000	86
2616.430000	2620.040000	87
2623.930000	2645.780000	88
2649.700000	2661.080000	89
2665.690000	2687.470000	90
2691.530000	2732.630000	91
2736.670000	2772.470000	92
2776.550000	2812.380000	93
2816.540000	2820.080000	94
2824.000000	2826.360000	95
2830.230000	2853.570000	96
2857.490000	2880.950000	97
2884.960000	2912.690000	98
2916.690000	2944.910000	99
2948.770000	2951.420000	100
2955.410000	3048.510000	101
3052.300000	3074.640000	102
3078.570000	3096.290000	103
3100.240000	3118.530000	104
3122.790000	3141.180000	105
3145.370000	3166.160000	106
3170.160000	3188.080000	107
3191.930000	3209.370000	108
3213.390000	3232.380000	109
3236.280000	3258.610000	110
3262.450000	3287.680000	111
3291.770000	3318.810000	112
3322.550000	3350.000000	113
3354.190000	3356.900000	114
3360.950000	3363.350000	115
3367.270000	3434.490000	116
3438.640000	3497.620000	117
3501.670000	3556.840000	118
3561.620000	3630.380000	119
3634.470000	3643.310000	120
3647.440000	3660.160000	121
3664.340000	3676.910000	122
3681.140000	3693.870000	123
3698.080000	3701.220000	124
3705.510000	3707.960000	125
3711.970000	3761.230000	126
3765.310000	3820.580000	127
3824.830000	3870.630000	128
3874.590000	3915.860000	129
3919.740000	3968.070000	130
3971.980000	3999.540000	131
4003.680000	4008.190000	132
4012.320000	4014.660000	133
4018.810000	4059.180000	134
4063.090000	4118.110000	135
4122.120000	4195.040000	136
4199.050000	4266.310000	137
4270.240000	4332.740000	138
4336.640000	4401.800000	139
4405.990000	4410.270000	140
4414.270000	4416.520000	141
4420.530000	4484.240000	142
4488.300000	4553.320000	143
4557.270000	4623.910000	144
4627.800000	4696.620000	145
4700.540000	4705.110000	146
4709.140000	4711.580000	147
4715.580000	4782.090000	148
4786.100000	4854.650000	149
4858.640000	4928.510000	150
4932.450000	4936.830000	151
4940.720000	4943.100000	152
4946.950000	5013.420000	153
5017.460000	5086.190000	154
5090.200000	5094.230000	155
5098.280000	5100.550000	156
5104.570000	5171.400000	157
5175.440000	5178.980000	158
5182.770000	5185.220000	159
5189.220000	5220.820000	160
5228.790000	5231.390000	161
5235.360000	5238.210000	162
5242.410000	5244.630000	163
5248.790000	5281.300000	164
5285.510000	5308.640000	165
5312.730000	5315.770000	166
5319.840000	5322.280000	167
5326.230000	5355.320000	168
5359.280000	5382.790000	169
5387.060000	5390.510000	170
5394.630000	5397.130000	171
5400.320000	5440.320000	172
5444.340000	5489.640000	173
5493.860000	5497.490000	174
5501.410000	5503.960000	175
5508.060000	5553.490000	176
5557.410000	5589.720000	177
5593.900000	5597.410000	178
5601.530000	5603.990000	179
5608.030000	5657.580000	180
5661.660000	5714.520000	181
5718.540000	5721.630000	182
5725.590000	5727.860000	183
5732.140000	5766.690000	184
5770.790000	5799.850000	185
5803.890000	5807.020000	186
5811.010000	5813.530000	187
5817.630000	5862.800000	188
5866.930000	5907.100000	189
5911.010000	5917.030000	190
5921.250000	5925.460000	191
5929.660000	5948.270000	192
5952.490000	5955.890000	193
5959.880000	5962.560000	194
5966.640000	5969.700000	195
5973.950000	5986.680000	196
5990.820000	6008.750000	197
6012.920000	6015.390000	198
6019.500000	6022.050000	199
6026.160000	6065.990000	200
6070.110000	6143.160000	201
6147.180000	6187.200000	202
6191.390000	6243.250000	203
6247.230000	6251.170000	204
6255.440000	6257.970000	205
6262.090000	6319.300000	206
6323.470000	6395.090000	207
6399.570000	6439.240000	208
6443.290000	6495.810000	209
6499.810000	6503.060000	210
6507.260000	6509.710000	211
6513.900000	6588.190000	212
6592.190000	6684.920000	213
6688.870000	6730.680000	214
6734.820000	6775.520000	215
6779.550000	6782.960000	216
6787.000000	6789.420000	217
6793.630000	6871.930000	218
6875.820000	6954.180000	219
6958.220000	6961.550000	220
6965.840000	6968.450000	221
6972.630000	7010.880000	222
7015.120000	7052.290000	223
7056.450000	7059.470000	224
7063.780000	7066.120000	225
7070.340000	7107.390000	226
7111.530000	7148.910000	227
7153.060000	7156.420000	228
7160.560000	7162.970000	229
7166.960000	7179.140000	230
7183.060000	7226.280000	231
7230.260000	7273.440000	232
7277.640000	7281.650000	233
7285.590000	7288.020000	234
7292.100000	7335.580000	235
7339.760000	7343.540000	236
7347.750000	7350.210000	237
7354.320000	7432.950000	238
7436.930000	7511.510000	239
7515.560000	7519.060000	240
7522.980000	7525.410000	241
7529.630000	7541.950000	242
7546.060000	7549.990000	243
