3.190000	6.090000	216
9.430000	12.310000	217
15.460000	17.860000	218
21.070000	23.480000	219
26.720000	51.620000	220
54.760000	64.560000	221
67.840000	125.440000	222
128.440000	135.690000	223
138.970000	141.560000	224
144.680000	149.760000	225
152.810000	155.300000	226
158.550000	183.540000	227
186.790000	189.550000	228
192.640000	202.240000	229
205.550000	208.010000	230
211.170000	216.210000	231
219.280000	221.610000	232
224.730000	249.310000	233
252.540000	255.450000	234
258.570000	271.490000	235
274.600000	277.000000	236
280.350000	285.480000	237
288.700000	291.240000	238
294.460000	318.870000	239
321.930000	324.750000	240
328.200000	364.020000	241
367.080000	370.190000	242
373.600000	376.130000	243
379.260000	394.110000	244
397.260000	406.690000	245
409.710000	447.630000	246
450.690000	458.060000	247
461.060000	463.550000	248
466.640000	471.740000	249
474.920000	477.410000	250
480.420000	495.880000	251
498.980000	501.870000	252
504.910000	514.730000	253
517.820000	520.290000	254
523.420000	528.600000	255
531.780000	534.190000	256
537.500000	553.090000	257
556.320000	559.250000	258
562.320000	575.310000	259
578.440000	580.930000	260
584.220000	589.450000	261
592.810000	595.310000	262
598.550000	614.420000	263
617.670000	620.570000	264
623.780000	666.940000	265
670.080000	673.180000	266
676.520000	678.890000	267
681.860000	701.190000	268
704.420000	713.990000	269
717.200000	764.670000	270
767.980000	774.820000	271
778.130000	780.710000	272
784.000000	789.260000	273
792.410000	795.090000	274
798.200000	818.790000	275
821.900000	824.820000	276
827.800000	837.700000	277
840.940000	843.550000	278
846.910000	852.120000	279
855.210000	857.780000	280
861.040000	881.600000	281
884.780000	887.650000	282
890.620000	902.980000	283
906.030000	908.560000	284
911.800000	916.990000	285
920.150000	922.690000	286
925.730000	945.910000	287
949.080000	952.040000	288
955.020000	983.390000	289
986.660000	990.090000	290
993.140000	995.510000	291
998.660000	1014.970000	292
1018.370000	1022.510000	293
1025.890000	1068.100000	294
1071.380000	1078.040000	295
1081.330000	1083.880000	296
1087.220000	1092.490000	297
1095.880000	1098.400000	298
1101.950000	1119.050000	299
1122.430000	1125.290000	300
1128.740000	1148.370000	301
1151.880000	1154.430000	302
1157.830000	1162.850000	303
1166.370000	1168.970000	304
1172.330000	1189.280000	305
1192.450000	1195.330000	306
1198.660000	1232.230000	307
1235.610000	1238.890000	308
1242.180000	1244.620000	309
1247.900000	1362.940000	310
1366.160000	1370.330000	311
1373.740000	1421.460000	312
1424.600000	1431.080000	313
1434.490000	1437.080000	314
1440.640000	1462.570000	315
1465.960000	1468.820000	316
1472.230000	1481.860000	317
1485.280000	1487.850000	318
1491.020000	1496.110000	319
1499.430000	1501.980000	320
1505.250000	1527.340000	321
1530.740000	1533.640000	322
1536.910000	1549.160000	323
1552.680000	1555.230000	324
1558.570000	1670.260000	325
1673.570000	1676.310000	326
1679.870000	1712.840000	327
1716.190000	1719.010000	328
1722.410000	1724.860000	329
1728.310000	1835.910000	330
1839.470000	1843.800000	331
1847.180000	1894.640000	332
1897.980000	1904.540000	333
1907.860000	1910.450000	334
1913.810000	1926.520000	335
1929.990000	1932.740000	336
1936.160000	1956.320000	337
1959.810000	1962.230000	338
1965.720000	2074.210000	339
2077.620000	2080.530000	340
2083.830000	2127.460000	341
2130.630000	2133.100000	342
2136.410000	2138.840000	343
2142.280000	2197.560000	344
2200.830000	2205.170000	345
2208.650000	2258.930000	346
2262.290000	2268.930000	347
2272.330000	2274.950000	348
2278.310000	2300.620000	349
2303.820000	2306.610000	350
2310.040000	2330.460000	351
2333.860000	2336.470000	352
2339.740000	2397.590000	353
2400.760000	2403.670000	354
2406.980000	2441.240000	355
2444.740000	2447.780000	356
2451.190000	2453.580000	357
2457.160000	2491.640000	358
2495.040000	2548.100000	359
2551.500000	2636.120000	360
2639.260000	2687.940000	361
2691.260000	2695.530000	362
2698.780000	2740.710000	363
2744.030000	2750.610000	364
2754.240000	2756.830000	365
2760.340000	2848.700000	366
2851.970000	2980.000000	367
2983.170000	2985.970000	368
2989.300000	3009.730000	369
3013.380000	3015.940000	370
3019.200000	3071.750000	371
3074.990000	3108.450000	372
3111.870000	3196.000000	373
3199.310000	3247.280000	374
3250.470000	3253.330000	375
3256.570000	3289.540000	376
3292.800000	3296.170000	377
3299.500000	3301.920000	378
3305.050000	3317.290000	379
3320.470000	3324.680000	380
3327.780000	3360.300000	381
3363.660000	3370.980000	382
3374.160000	3376.660000	383
3380.090000	3391.020000	384
3394.480000	3397.300000	385
3400.480000	3420.660000	386
3424.120000	3426.660000	387
3429.970000	3442.940000	388
3446.170000	3449.030000	389
3452.500000	3496.080000	390
3499.480000	3502.710000	391
3506.180000	3508.540000	392
3511.920000	3524.150000	393
3527.520000	3531.650000	394
3534.950000	3565.150000	395
3568.700000	3575.170000	396
3578.710000	3581.240000	397
3584.400000	3595.290000	398
3598.680000	3601.500000	399
3604.920000	3625.020000	400
3628.210000	3630.700000	401
3633.890000	3644.650000	402
3647.950000	3650.820000	403
3654.320000	3671.980000	404
3675.350000	3678.410000	405
3681.980000	3684.460000	406
3687.750000	3699.820000	407
3703.310000	3707.590000	408
3710.890000	3743.730000	409
3747.110000	3753.860000	410
3757.370000	3759.910000	411
3763.140000	3774.040000	412
3777.440000	3780.290000	413
3783.560000	3815.620000	414
3819.030000	3821.950000	415
3825.300000	3841.890000	416
3845.320000	3848.260000	417
3851.670000	3854.130000	418
3857.430000	3869.690000	419
3872.870000	3877.130000	420
3880.630000	3904.330000	421
3907.930000	3915.430000	422
3918.680000	3921.220000	423
3924.480000	3934.950000	424
3938.420000	3941.290000	425
3944.720000	3977.030000	426
3980.150000	3982.880000	427
3986.250000	3994.820000	428
3998.170000	4002.110000	429
4005.370000	4007.830000	430
4011.330000	4024.040000	431
4027.340000	4031.580000	432
4034.740000	4068.400000	433
4071.640000	4088.150000	434
4091.640000	4094.370000	435
4097.950000	4127.050000	436
4130.380000	4133.210000	437
4136.550000	4145.140000	438
4148.510000	4152.930000	439
4156.430000	4158.840000	440
4162.210000	4176.090000	441
4179.290000	4183.500000	442
4186.860000	4211.720000	443
4215.040000	4232.440000	444
4235.820000	4238.670000	445
4242.310000	4272.570000	446
4276.130000	4279.100000	447
4282.490000	4291.360000	448
4294.870000	4298.300000	449
4301.710000	4304.250000	450
4307.920000	4321.720000	451
4325.180000	4329.310000	452
4332.640000	4367.340000	453
4370.720000	4391.480000	454
4394.930000	4397.780000	455
4401.170000	4433.730000	456
4436.980000	4439.860000	457
4443.300000	4451.950000	458
4455.350000	4459.150000	459
4462.570000	4465.080000	460
4468.320000	4481.950000	461
4485.220000	4489.390000	462
4492.830000	4528.370000	463
4531.680000	4552.410000	464
4555.720000	4558.520000	465
4561.850000	4595.100000	466
4598.530000	4601.260000	467
4604.550000	4613.820000	468
4617.050000	4621.180000	469
4624.470000	4626.800000	470
4630.010000	4644.010000	471
4647.450000	4651.590000	472
4655.080000	4680.050000	473
4683.540000	4690.920000	474
4694.280000	4696.750000	475
4699.940000	4713.540000	476
4716.990000	4719.860000	477
4723.190000	4757.820000	478
4761.370000	4764.160000	479
4767.540000	4775.970000	480
4779.380000	4784.160000	481
4787.520000	4789.900000	482
4793.290000	4808.230000	483
4811.490000	4815.700000	484
4818.890000	4856.940000	485
4860.310000	4867.700000	486
4871.090000	4873.480000	487
4876.680000	4890.820000	488
4894.220000	4897.030000	489
4900.270000	4920.570000	490
4923.920000	4926.410000	491
4929.770000	4934.870000	492
4938.240000	4940.730000	493
4944.040000	4959.810000	494
4963.080000	4965.910000	495
4969.200000	5012.550000	496
5015.780000	5019.370000	497
5022.760000	5025.330000	498
5028.770000	5071.780000	499
5078.360000	5080.760000	500
5084.050000	5086.360000	501
5089.790000	5092.150000	502
5095.570000	5120.280000	503
5123.490000	5133.050000	504
5136.190000	5179.180000	505
5182.720000	5190.050000	506
5193.430000	5195.930000	507
5199.240000	5204.690000	508
5207.880000	5210.260000	509
5213.300000	5229.620000	510
5232.850000	5235.700000	511
5239.000000	5267.310000	512
5270.480000	5272.990000	513
5276.430000	5289.820000	514
5293.250000	5296.130000	515
5299.150000	5327.880000	516
5331.330000	5334.400000	517
5337.790000	5340.260000	518
5343.510000	5358.240000	519
5361.650000	5369.250000	520
5372.530000	5378.610000	521
5382.200000	5385.290000	522
5388.590000	5391.040000	523
5394.450000	5405.630000	524
5409.090000	5416.500000	525
5419.690000	5423.050000	526
5426.470000	5428.830000	527
5432.390000	5443.900000	528
5447.200000	5450.230000	529
5453.390000	5455.880000	530
5459.090000	5470.680000	531
5473.850000	5481.180000	532
5484.330000	5486.980000	533
5490.250000	5492.580000	534
5495.860000	5509.750000	535
5512.820000	5515.850000	536
5519.190000	5521.610000	537
5525.120000	5545.630000	538
5548.880000	5551.860000	539
5555.120000	5557.490000	540
5560.950000	5576.070000	541
5579.390000	5582.640000	542
5586.050000	5588.380000	543
5591.670000	5599.800000	544
5603.060000	5606.260000	545
5609.510000	5611.880000	546
5615.330000	5624.030000	547
5627.340000	5630.660000	548
5634.130000	5636.550000	549
5639.830000	5647.830000	550
5650.910000	5654.160000	551
5657.460000	5659.900000	552
5663.070000	5671.910000	553
5675.440000	5679.060000	554
5682.420000	5684.660000	555
5688.090000	5697.850000	556
5701.370000	5705.700000	557
5709.060000	5711.600000	558
5714.500000	5726.060000	559
5729.570000	5732.810000	560
5736.270000	5738.750000	561
5742.070000	5752.770000	562
5756.310000	5759.950000	563
5763.610000	5766.150000	564
5769.820000	5781.660000	565
5784.880000	5789.010000	566
5792.610000	5795.080000	567
5798.410000	5811.190000	568
5814.830000	5818.970000	569
5822.880000	5825.520000	570
5828.950000	5844.040000	571
5847.310000	5851.690000	572
5855.120000	5895.070000	573
5898.520000	5907.810000	574
5911.370000	5915.030000	575
5918.610000	5921.200000	576
5924.950000	5940.120000	577
5943.650000	5947.900000	578
5951.540000	5990.270000	579
5993.550000	6001.290000	580
6004.690000	6018.700000	581
6021.910000	6024.850000	582
6028.300000	6038.110000	583
6041.590000	6055.500000	584
6058.910000	6061.860000	585
6065.310000	6082.210000	586
6085.530000	6089.270000	587
6092.720000	6095.320000	588
6098.610000	6114.720000	589
6117.970000	6122.410000	590
6126.090000	6130.420000	591
6134.070000	6136.570000	592
6140.130000	6146.670000	593
6150.190000	6155.080000	594
6158.420000	6161.080000	595
6164.420000	6171.500000	596
6175.040000	6179.070000	597
6182.300000	6184.770000	598
6188.010000	6193.930000	599
6197.340000	6201.410000	600
6204.910000	6207.420000	601
6210.810000	6217.010000	602
6220.470000	6224.090000	603
6227.670000	6230.260000	604
6233.310000	6239.010000	605
6242.410000	6246.490000	606
6249.880000	6252.400000	607
6255.850000	6261.390000	608
6264.930000	6269.170000	609
6272.430000	6311.810000	610
6315.070000	6336.480000	611
6339.970000	6342.850000	612
6346.440000	6370.090000	613
6373.320000	6376.290000	614
6379.600000	6396.790000	615
6400.320000	6403.440000	616
6406.910000	6409.540000	617
6412.920000	6425.390000	618
6428.620000	6442.110000	619
6445.410000	6458.090000	620
6461.500000	6479.800000	621
6486.470000	6489.330000	622
6492.820000	6495.460000	623
6498.790000	6501.290000	624
6504.840000	6530.290000	625
6533.680000	6537.910000	626
6541.370000	6582.020000	627
6585.460000	6608.030000	628
6611.450000	6614.380000	629
6617.990000	6642.410000	630
6645.970000	6649.870000	631
6653.310000	6655.780000	632
6659.270000	6674.710000	633
6678.130000	6682.400000	634
6685.670000	6724.940000	635
6728.070000	6749.860000	636
6753.350000	6756.320000	637
6759.650000	6784.330000	638
6787.860000	6790.730000	639
6793.940000	6812.860000	640
6816.530000	6820.030000	641
6823.310000	6825.790000	642
6829.170000	6840.910000	643
6844.730000	6857.920000	644
6862.650000	6875.550000	645
6879.680000	6898.170000	646
6901.920000	6904.920000	647
6908.540000	6911.150000	648
6914.520000	6917.240000	649
6920.570000	6945.760000	650
6949.200000	6953.460000	651
6957.030000	7006.510000	652
7009.640000	7028.930000	653
7032.520000	7035.460000	654
7038.900000	7061.250000	655
7064.640000	7067.510000	656
7070.730000	7100.500000	657
7104.040000	7112.390000	658
7115.770000	7120.710000	659
7123.930000	7127.960000	660
7131.180000	7133.780000	661
7137.420000	7152.720000	662
7156.160000	7160.510000	663
7163.790000	7179.500000	664
7183.100000	7206.580000	665
7209.980000	7217.410000	666
7220.860000	7235.520000	667
7238.970000	7242.030000	668
7245.280000	7268.190000	669
7271.440000	7274.400000	670
7277.590000	7307.800000	671
7311.180000	7354.550000	672
7357.650000	7361.680000	673
7364.950000	7367.640000	674
7371.160000	7417.190000	675
7420.500000	7424.520000	676
